Estimator,Estimated_Error,Misclassified_Count
1,0.6692042776871489,3692
2,0.27533079572231284,1519
3,0.2644553199202465,1459
4,0.26318651441000546,1452
5,0.263005256479971,1451
6,0.263005256479971,1451
7,0.2606489033895233,1438
8,0.26028638752945443,1436
9,0.26010512959941995,1435
10,0.2591988399492478,1430
11,0.2590175820192133,1429
12,0.2588363240891789,1428
13,0.25847380822911004,1426
14,0.2581112923690411,1424
15,0.2572050027188689,1419
16,0.2573862606489034,1420
17,0.2573862606489034,1420
18,0.2572050027188689,1419
19,0.2561174551386623,1413
20,0.25575493927859344,1411
21,0.2541236179082835,1402
22,0.2535798441181802,1399
23,0.252673554468008,1394
24,0.2519485227478702,1390
25,0.25067971723762916,1383
26,0.24941091172738808,1376
27,0.24941091172738808,1376
28,0.24941091172738808,1376
29,0.2490483958673192,1374
30,0.24687330070690594,1362
31,0.24687330070690594,1362
32,0.24506072140656154,1352
33,0.24342940003625158,1343
34,0.24342940003625158,1343
35,0.24342940003625158,1343
36,0.24324814210621715,1342
37,0.24379191589632046,1345
38,0.24397317382635492,1346
39,0.24397317382635492,1346
40,0.24288562624614826,1340
41,0.24216059452601052,1336
42,0.24216059452601052,1336
43,0.24197933659597606,1335
44,0.23962298350552835,1322
45,0.2383541779952873,1315
46,0.23672285662497733,1306
47,0.23672285662497733,1306
48,0.23672285662497733,1306
49,0.23690411455501179,1307
50,0.23545405111473627,1299
51,0.2350915352546674,1297
52,0.2350915352546674,1297
53,0.2350915352546674,1297
54,0.2341852456044952,1292
55,0.23400398767446076,1291
56,0.2338227297444263,1290
57,0.2338227297444263,1290
58,0.23309769802428856,1286
59,0.23273518216421968,1284
60,0.23219140837411636,1281
61,0.23219140837411636,1281
62,0.23219140837411636,1281
63,0.23201015044408194,1280
64,0.23074134493384085,1273
65,0.23074134493384085,1273
66,0.23074134493384085,1273
67,0.22983505528366865,1268
68,0.22965379735363423,1267
69,0.22892876563349646,1263
70,0.22784121805328983,1257
71,0.22802247598332426,1258
72,0.22802247598332426,1258
73,0.22802247598332426,1258
74,0.2285662497734276,1261
75,0.22820373391335871,1259
76,0.22874750770346203,1262
77,0.22874750770346203,1262
78,0.2276599601232554,1256
79,0.22602863875294543,1247
80,0.22602863875294543,1247
81,0.22602863875294543,1247
82,0.22602863875294543,1247
83,0.22602863875294543,1247
84,0.2243973173826355,1238
85,0.2243973173826355,1238
86,0.2243973173826355,1238
87,0.2253036070328077,1243
88,0.22421605945260106,1237
89,0.2243973173826355,1238
90,0.22421605945260106,1237
91,0.22421605945260106,1237
92,0.2243973173826355,1238
93,0.2243973173826355,1238
94,0.2243973173826355,1238
95,0.2243973173826355,1238
96,0.22421605945260106,1237
97,0.22385354359253218,1235
98,0.22385354359253218,1235
99,0.22475983324270438,1240
100,0.22475983324270438,1240
101,0.22149719050208447,1222
102,0.22131593257205004,1221
103,0.21968461120174007,1212
104,0.21968461120174007,1212
105,0.21823454776146456,1204
106,0.21823454776146456,1204
107,0.21787203190139567,1202
108,0.21914083741163676,1209
109,0.21805328983143013,1203
110,0.21805328983143013,1203
111,0.21769077397136125,1201
112,0.21750951604132682,1200
113,0.21750951604132682,1200
114,0.21750951604132682,1200
115,0.21750951604132682,1200
116,0.21714700018125793,1198
117,0.21877832155156787,1207
118,0.21841580569149902,1205
119,0.21732825811129236,1199
120,0.21714700018125793,1198
121,0.2169657422512235,1197
122,0.21569693674098242,1190
123,0.2146093891607758,1184
124,0.2146093891607758,1184
125,0.2146093891607758,1184
126,0.21442813123074134,1183
127,0.2142468733007069,1182
128,0.2137030995106036,1179
129,0.2137030995106036,1179
130,0.2137030995106036,1179
131,0.2133405836505347,1177
132,0.21170926228022477,1168
133,0.21170926228022477,1168
134,0.21170926228022477,1168
135,0.2127968098604314,1174
136,0.2127968098604314,1174
137,0.21261555193039697,1173
138,0.2118905202102592,1169
139,0.21080297263005257,1163
140,0.20989668297988037,1158
141,0.20989668297988037,1158
142,0.2095341671198115,1156
143,0.2095341671198115,1156
144,0.20935290918977706,1155
145,0.2091716512597426,1154
146,0.20899039332970817,1153
147,0.20880913539967375,1152
148,0.20681529816929492,1141
149,0.20663404023926046,1140
150,0.20663404023926046,1140
151,0.20518397679898495,1132
152,0.20464020300888164,1129
153,0.20464020300888164,1129
154,0.2044589450788472,1128
155,0.20427768714881275,1127
156,0.20427768714881275,1127
157,0.20409642921877832,1126
158,0.20427768714881275,1127
159,0.20409642921877832,1126
160,0.20319013956860613,1121
161,0.20282762370853724,1119
162,0.2026463657785028,1118
163,0.20228384991843393,1116
164,0.2021025919883995,1115
165,0.2021025919883995,1115
166,0.2021025919883995,1115
167,0.20101504440819287,1109
168,0.20010875475802067,1104
169,0.1988399492477796,1097
170,0.2002900126880551,1105
171,0.2002900126880551,1105
172,0.20010875475802067,1104
173,0.1997462388979518,1102
174,0.2002900126880551,1105
175,0.2002900126880551,1105
176,0.20010875475802067,1104
177,0.19992749682798622,1103
178,0.19992749682798622,1103
179,0.19865869131774516,1096
180,0.19865869131774516,1096
181,0.1984774333877107,1095
182,0.19720862787746965,1088
183,0.19720862787746965,1088
184,0.19720862787746965,1088
185,0.1970273699474352,1087
186,0.1970273699474352,1087
187,0.19684611201740077,1086
188,0.19684611201740077,1086
189,0.19684611201740077,1086
190,0.1966648540873663,1085
191,0.1966648540873663,1085
192,0.1966648540873663,1085
193,0.1952147906470908,1077
194,0.19485227478702194,1075
195,0.19430850099691863,1072
196,0.19376472720681528,1069
197,0.19340221134674643,1067
198,0.19303969548667754,1065
199,0.19249592169657423,1062
200,0.1914083741163676,1056
201,0.19032082653616095,1050
202,0.19013956860612652,1049
203,0.1890520210259199,1043
204,0.1890520210259199,1043
205,0.1890520210259199,1043
206,0.1890520210259199,1043
207,0.1890520210259199,1043
208,0.1890520210259199,1043
209,0.1890520210259199,1043
210,0.1890520210259199,1043
211,0.18850824723581658,1040
212,0.18850824723581658,1040
213,0.18850824723581658,1040
214,0.18850824723581658,1040
215,0.18832698930578212,1039
216,0.18669566793547218,1030
217,0.18560812035526555,1024
218,0.1854268624252311,1023
219,0.18560812035526555,1024
220,0.18560812035526555,1024
221,0.18615189414536887,1027
222,0.1859706362153344,1026
223,0.1859706362153344,1026
224,0.18488308863512778,1020
225,0.18488308863512778,1020
226,0.18470183070509336,1019
227,0.1845205727750589,1018
228,0.1845205727750589,1018
229,0.1845205727750589,1018
230,0.18325176726481784,1011
231,0.18325176726481784,1011
232,0.18234547761464565,1006
233,0.18270799347471453,1008
234,0.18234547761464565,1006
235,0.18234547761464565,1006
236,0.1821642196846112,1005
237,0.18270799347471453,1008
238,0.18325176726481784,1011
239,0.18325176726481784,1011
240,0.18325176726481784,1011
241,0.18270799347471453,1008
242,0.18343302519485227,1012
243,0.18343302519485227,1012
244,0.18180170382454233,1003
245,0.18125793003443902,1000
246,0.18125793003443902,1000
247,0.18125793003443902,1000
248,0.18125793003443902,1000
249,0.18125793003443902,1000
250,0.18143918796447345,1001
251,0.18053289831430125,996
252,0.18035164038426682,995
253,0.18017038245423236,994
254,0.17998912452419794,993
255,0.17962660866412905,991
256,0.17962660866412905,991
257,0.17962660866412905,991
258,0.17962660866412905,991
259,0.17962660866412905,991
260,0.17853906108392242,985
261,0.17763277143375023,980
262,0.17872031901395685,986
263,0.17763277143375023,980
264,0.17763277143375023,980
265,0.1774515135037158,979
266,0.1774515135037158,979
267,0.17727025557368134,978
268,0.17727025557368134,978
269,0.17727025557368134,978
270,0.17727025557368134,978
271,0.17727025557368134,978
272,0.17727025557368134,978
273,0.17727025557368134,978
274,0.17727025557368134,978
275,0.17727025557368134,978
276,0.1770889976436469,977
277,0.1770889976436469,977
278,0.18089541417437013,998
279,0.1798078665941635,992
280,0.1798078665941635,992
281,0.1798078665941635,992
282,0.1798078665941635,992
283,0.1798078665941635,992
284,0.17962660866412905,991
285,0.18017038245423236,994
286,0.18017038245423236,994
287,0.17926409280406017,989
288,0.17908283487402574,988
289,0.17908283487402574,988
290,0.1789015769439913,987
291,0.17853906108392242,985
292,0.17853906108392242,985
293,0.178357803153888,984
294,0.178357803153888,984
295,0.17962660866412905,991
296,0.17962660866412905,991
297,0.17962660866412905,991
298,0.17962660866412905,991
299,0.17962660866412905,991
300,0.17962660866412905,991
